uK0eEV0UsWA
R723k04E8Ic
2251956725
2276709944
C07xJuLrmfg
woW_hRQI_X8
82lSF7TTNKM
9gO8tzjazQI
L7PNqH8R6XA
4pqLYacZuko
Jo_o0J3yFPM
DtFCniyYTrs
2247813974
2246615594
2302446905
2265857747
2278805642
2274015548
2277838751
2239935551
2269368692
2249203694
2286935678
2238855530
2273672495
2244446006
2243700065
2268146750
2295130043
2227178978
2227744535
2280882056
2236733918
2240356430
2303447828
2261278946
2290846496
2232638480
2254979396
2263539677
2300170988
2287384898
2272466981
2254285778
2282497868
2232651059
2278600925
2228461523
2244566552
2250745658
2265062051
2293989857
2304245342
2242532936
2306177927
2230589432
2271697817
2291601317
2306173982
2285592389
2256225953
2265062051
2282497868
2271697817
2276709944
2290846496
2244566552
2254285778
2251956725
2290846496
2232638480
2269368692
2265857747
2310648272
2242532936
2249203694
2280882056
2261278946
2250745658
2310648272
2278600925
2291601317
2239935551
2285592389
2250745658
2303447828
2230589432
2312146691
2306173982
2230589432
2276709944
2295130043
2295130043
2265857747
2282497868
2254979396
2310648272
2232651059
2303447828
2306173982
2249203694
2277838751
2263539677
2244446006
2263539677
2256225953
2303447828
2273672495
2250745658
2249203694
2242532936
2250745658
2293989857
2232638480
2278805642
2272466981
2312204486
2302446905
2268146750
2291601317
2291601317
2251956725
2232638480
2282497868
2271697817
2278805642
2246615594
2316165665
2290846496
2269368692
2278805642
2239935551
2239935551
2263539677
2316885854
